RF,RD,RDo,IVI
9.1,14.3,43.7,67.1
9.1,20,20,49.1
9.1,14.3,7.1,30.4
9.1,8.6,5.4,23
9.1,8.6,5.3,22.9
9.1,8.6,4.5,22.1
9.1,5.7,3.8,18.6
9.1,5.7,3,17.8
9.1,5.7,2.8,17.6
9.1,5.7,2.8,17.6
9.1,2.9,1.7,13.7
100,100,100,300
